  0.0
115.0  
119.3  
114.6  
115.3  
118.3  
116.0  
114.0  
 97.4 
 76.2 
 58.8 
129.9  
129.4  
118.6  
120.8  
116.0  
115.1  
114.7  
125.2  
108.1  
186.1  
205.0  
215.7  
168.7  
187.1  
242.6  
256.0  
245.5  
281.9  
198.5  
 66.5 
 10.3 
259.3  
233.2  
 24.1 
  8.9
 22.1 
 15.2 
 17.1 
  1.8
  1.6
  1.5
  8.5
  4.2
  4.1
  0.7
  1.0
  0.7
  0.9
  0.7
  0.5
  0.5
  0.6
  0.4
  0.4
  0.5
  0.5
  0.4
  0.4
 80.9 
294.0  
320.8  
318.4  
312.0  
257.6  
 41.4 
159.7  
314.7  
344.8  
264.7  
165.1  
 29.8 
185.3  
286.3  
313.5  
273.2  
 36.7 
160.6  
289.8  
268.6  
154.2  
  8.3
186.2  
313.1  
311.9  
 66.6 
 11.3 
 56.8 
351.4  
210.2  
 58.3 
 57.1 
 98.4 
313.5  
246.2  
 55.6 
  9.1
  0.9
  0.9
  1.6
  1.0
  6.1
  0.9
  0.9
  0.9
  0.7
  0.9
  0.8
  0.9
  0.7
  0.9
  0.8
  0.8
  0.9
  0.9
  0.8
  0.9
  0.8
  1.1
  0.8
