97777
77777
77777
77777
77778
77788
77886
78866
88667
86676
66767
67677
76777
67776
77767
77675
76754
67544
75445
54455
44553
45533
55333
53332
33325
33258
32589
25893
58934
89349
93499
34999
49999
99999
99999
99999
99999
99999
99999
99999
99999
99999
99999
99999
99999
99999
99999
99999
99999
99999
99999
99999
99999
99999
99997
99972
99721
97212
72122
21223
12238
22386
23862
38621
86213
62135
21359
13595
35952
59522
95223
52239
22395
23952
39523
95236
52369
23695
36952
69522
95228
52289
22898
28981
89814
98148
81488
14887
48872
88723
87238
72389
23899
38999
89999
99999
99999
99999
99999
99999
99999
99999
99999
99999
99999
99999
99999
99999
99999
99999
99999
99999
99999
99999
99999
