81
164
150
160
191
155
155
123
162
187
156
97
152
159
110
85
147
153
186
161
165
144
133
159
169
161
150
178
184
176
146
170
181
170
155
177
304
278
180
184
163
126
158
126
103
136
231
228
150
208
164
133
131
145
159
188
186
174
144
126
123
74
135
124
142
151
151
168
197
229
195
168
193
110
136
157
158
160
150
118
147
142
97
129
83
121
114
101
70
97
156
116
113
129
144
150
165
145
93
107
124
193
172
135
144
109
118
145
250
176
170
109
103
113
203
181
131
165
149
136
90
101
73
106
107
101
92
142
92
134
165
146
119
150
214
167
150
110
126
137
139
105
132
121
119
150
159
124
178
138
148
185
104
129
106
137
117
94
59
101
108
103
122
102
83
98
120
131
136
110
98
52
75
69
102
107
101
82
125
113
164
109
119
135
120
159
120
87
132
165
138
105
88
83
139
111
163
191
136
126
126
135
133
178
94
113
100
67
86
72
122
74
73
106
81
67
153
120
115
153
147
87
109
155
136
175
141
91
117
66
100
154
118
94
91
153
115
112
133
92
114
85
91
115
141
100
101
75
100
99
71
117
66
117
110
82
98
132
116
135
144
109
110
116
64
74
94
63
62
73
64
60
91
76
94
61
105
94
80
54
78
56
92
120
129
95
110
66
69
73
121
99
90
82
90
128
74
73
81
85
87
117
81
126
166
108
88
61
68
74
84
85
68
74
114
209
143
106
144
147
135
112
69
100
157
96
107
96
112
52
118
108
120
87
119
120
71
126
53
99
77
116
118
98
91
59
55
62
64
53
67
126
139
75
70
80
82
112
50
74
91
97
100
78
63
86
77
43
71
126
53
75
82
98
79
68
84
54
78
113
141
133
62
85
108
27
95
95
81
85
61
82
78
84
92
81
114
63
147
102
49
61
54
81
159
106
119
97
43
78
45
52
44
47
34
41
85
85
74
107
149
131
89
87
43
44
48
98
129
58
92
103
83
119
81
99
84
67
163
123
72
94
67
94
102
103
93
142
94
82
141
90
127
92
99
98
117
67
131
201
115
102
175
124
140
109
127
136
104
96
65
52
123
103
182
152
126
113
88
97
169
132
129
111
131
116
117
117
149
93
101
132
66
89
66
73
117
65
118
67
86
84
87
152
92
71
72
96
125
82
118
142
134
160
74
79
95
72
90
102
167
128
129
79
106
96
96
87
65
75
111
124
157
158
152
124
142
120
144
154
108
105
139
132
111
85
113
102
76
92
123
79
103
102
154
122
156
93
119
113
88
113
90
72
86
93
133
177
185
213
158
134
190
144
59
65
164
239
243
219
205
166
160
171
121
138
96
102
187
106
86
90
138
109
131
105
139
131
77
123
101
87
98
94
90
92
138
168
127
111
116
107
161
137
141
107
101
99
91
167
141
128
106
108
106
138
159
194
134
165
94
114
100
102
109
180
123
82
179
106
124
100
104
143
132
121
149
219
127
168
136
127
130
185
167
150
117
132
148
141
144
148
170
98
151
101
127
179
159
134
147
182
178
118
119
145
168
140
190
137
156
131
126
165
193
212
187
159
211
125
166
168
208
149
266
214
103
109
111
100
100
194
228
168
196
276
293
183
181
152
131
173
200
212
215
156
185
284
214
223
190
223
118
163
134
136
128
125
190
169
179
199
148
168
164
194
150
136
118
129
177
170
165
218
170
147
185
174
235
183
135
176
120
101
193
216
234
236
165
240
188
224
177
148
201
196
187
172
191
183
318
259
208
171
175
160
148
202
181
135
119
118
123
198
187
133
153
105
137
113
213
138
142
203
181
194
120
102
124
160
119
131
126
145
107
124
185
173
187
235
156
114
112
119
120
110
168
137
150
156
112
112
116
145
117
131
163
216
220
162
157
195
137
137
201
184
189
147
158
176
174
170
188
141
152
182
209
238
88
133
145
128
136
161
170
154
237
189
165
126
139
159
138
154
149
188
239
171
131
144
174
205
174
156
192
186
214
198
160
154
274
149
220
209
170
200
233
163
155
136
135
172
149
132
140
123
211
162
170
191
147
223
220
200
234
245
161
169
178
196
352
235
166
232
172
167
143
194
195
250
260
152
163
152
241
182
274
219
125
174
164
167
137
90
155
182
229
191
197
223
262
210
179
267
172
188
249
256
190
212
121
187
266
133
192
179
194
178
193
215
215
201
191
158
205
185
197
223
220
178
166
162
168
149
120
166
200
165
187
182
240
188
125
195
171
169
224
193
210
246
238
175
222
236
184
191
210
241
115
211
165
153
200
215
239
200
222
177
250
242
171
157
218
241
177
174
250
198
148
147
108
178
183
191
200
308
157
239
184
189
156
133
123
199
195
117
189
183
215
192
127
185
157
159
232
173
150
199
216
153
228
152
172
186
156
158
143
151
154
160
155
147
115
181
134
173
214
130
172
192
204
185
183
192
167
205
139
128
184
204
183
156
145
130
137
110
94
122
182
158
152
225
228
107
118
146
173
161
125
183
227
168
187
187
174
176
237
237
181
209
194
156
204
203
222
112
122
156
176
126
177
112
154
114
179
165
209
154
224
255
195
142
131
144
166
205
180
160
115
234
182
175
165
142
147
191
229
203
133
175
166
136
124
206
189
146
196
117
149
140
88
74
104
138
162
129
147
219
181
174
184
114
118
214
134
198
172
195
230
192
132
130
133
157
213
179
200
151
164
194
188
192
191
163
135
153
168
174
143
220
181
77
172
201
121
164
111
148
108
120
189
126
157
206
209
182
267
261
242
230
179
115
207
160
198
176
167
188
128
119
138
151
142
153
126
170
203
198
262
199
174
184
159
116
169
139
164
117
167
177
143
233
195
126
122
171
152
99
122
91
118
93
107
132
175
141
138
151
109
115
127
102
157
125
220
166
166
107
182
177
206
216
147
153
131
139
107
190
250
246
193
204
162
167
160
197
195
130
100
161
154
221
158
208
160
233
174
148
159
178
145
115
198
180
138
187
142
150
176
137
213
197
227
231
322
207
131
262
223
154
129
181
171
220
201
158
153
142
144
155
153
166
199
215
233
187
197
246
204
217
195
188
168
181
161
165
127
153
145
198
174
154
170
183
181
219
231
225
215
179
164
128
182
124
170
185
232
216
141
185
103
143
103
96
159
163
94
149
127
210
160
199
111
155
158
95
105
159
157
144
152
173
129
147
109
202
208
196
205
201
175
171
169
184
252
192
142
81
153
126
134
153
145
124
152
150
133
137
153
93
168
135
265
166
160
172
187
255
215
159
172
136
199
160
181
177
166
119
149
231
283
289
178
156
166
174
178
184
150
195
83
146
155
165
153
203
169
197
120
137
72
133
110
126
111
156
170
168
144
168
112
132
202
191
159
199
197
213
123
144
170
144
105
92
92
89
164
127
131
175
162
170
146
90
79
105
120
122
226
109
133
102
145
183
137
129
155
235
181
190
141
142
159
123
105
155
300
157
102
115
91
108
126
171
137
124
145
130
157
178
127
146
116
111
103
145
161
206
129
134
209
160
215
191
129
175
111
204
141
83
129
77
116
72
103
110
142
142
140
95
105
190
99
139
178
72
136
94
91
79
73
122
73
170
88
166
66
127
96
87
118
61
106
101
94
135
118
92
102
104
108
114
127
133
172
127
78
143
162
103
140
99
79
96
110
100
121
111
122
90
110
130
108
132
66
98
129
109
51
71
125
102
181
133
114
100
106
89
120
71
83
134
132
96
58
58
84
110
75
127
155
77
71
149
80
127
119
101
79
75
64
47
66
67
96
115
104
201
138
156
90
106
102
103
109
114
187
128
104
70
62
76
72
81
87
56
59
97
64
98
70
108
70
60
83
68
100
90
82
56
65
92
70
94
137
149
93
106
131
118
97
72
65
39
64
67
92
68
54
91
63
54
53
61
39
54
64
82
65
75
98
86
103
103
119
115
137
96
98
43
38
31
31
61
86
135
91
115
65
45
65
123
61
75
67
62
48
101
67
115
97
43
63
105
122
118
112
123
120
98
108
113
90
89
93
74
44
57
55
47
74
72
101
68
114
67
105
164
150
85
33
116
161
120
86
43
33
98
83
31
37
52
65
77
70
123
81
212
50
46
76
77
87
51
121
73
93
101
92
63
80
70
54
68
71
114
60
85
124
167
80
80
76
151
97
95
133
163
106
147
62
88
64
69
102
87
85
94
72
77
112
63
96
165
83
85
76
111
101
112
45
84
110
115
75
75
52
46
76
62
60
103
144
86
170
148
134
125
113
90
81
97
104
109
140
154
168
157
191
140
170
97
88
82
114
134
182
148
140
115
108
92
107
68
169
153
74
71
31
60
60
87
89
82
116
71
70
95
94
116
100
96
141
179
95
130
179
181
119
87
101
73
67
130
122
165
141
152
119
107
153
157
111
110
149
124
102
136
111
110
67
151
155
165
202
256
181
197
175
173
121
135
157
84
145
165
123
135
113
200
161
180
119
160
273
200
148
199
153
109
176
214
161
210
138
160
130
188
194
202
237
181
151
272
202
230
176
238
228
214
153
236
205
190
215
146
172
233
171
191
197
169
155
171
360
191
142
149
154
147
186
174
117
91
119
258
259
240
240
200
181
180
247
193
155
154
183
262
258
304
202
254
297
264
224
197
211
203
221
297
218
110
124
156
183
173
227
229
248
236
212
221
257
228
231
237
200
252
200
198
284
188
188
196
239
143
256
193
205
215
328
234
282
246
282
192
112
151
136
184
236
212
150
219
259
204
224
291
242
226
199
185
223
186
183
190
265
297
224
265
250
296
265
234
359
212
148
207
283
225
255
299
246
207
217
170
206
244
226
323
243
186
217
233
247
213
211
145
235
185
240
276
250
157
256
193
257
221
284
196
234
146
198
166
249
265
290
245
226
226
178
250
204
222
262
212
256
299
268
243
210
267
198
274
208
138
215
291
228
292
193
290
267
189
180
249
257
181
264
342
332
71
244
154
201
174
159
214
142
174
198
196
287
148
97
165
114
144
270
230
235
179
195
187
203
133
130
96
128
141
137
178
205
178
192
234
252
190
195
247
245
158
228
177
172
163
223
222
278
260
249
159
162
138
172
272
256
198
160
193
278
256
166
169
145
87
123
132
158
134
156
176
161
153
168
174
200
173
144
185
180
172
156
141
91
169
116
119
84
92
135
154
120
115
162
154
181
199
269
180
102
154
145
195
214
174
178
182
170
174
227
158
247
116
179
217
255
240
190
187
151
222
230
230
131
195
110
191
208
213
264
191
207
182
164
173
231
255
212
141
216
133
130
133
136
144
223
176
173
189
157
182
181
137
93
93
186
241
165
172
161
148
157
149
134
149
200
173
143
126
228
251
265
298
287
273
198
217
244
242
217
200
240
346
245
250
320
245
312
262
273
181
369
292
332
306
288
233
228
256
324
252
258
227
294
259
203
217
235
286
241
234
309
358
305
295
296
287
167
182
173
165
184
231
185
209
185
237
254
159
195
298
282
245
256
154
240
184
177
219
189
216
135
194
232
338
284
211
230
201
214
196
273
364
264
227
206
206
141
215
188
195
206
286
356
217
245
232
269
191
297
200
304
312
282
363
268
352
284
329
210
201
197
194
300
331
252
257
213
287
332
320
332
312
254
402
281
295
285
299
317
288
191
284
232
247
236
228
214
243
318
315
411
288
297
311
296
412
408
316
311
265
300
244
251
278
293
250
241
207
256
300
296
241
336
275
274
332
314
265
203
258
245
224
194
177
249
233
262
250
276
394
340
291
296
278
169
115
85
267
169
255
314
282
294
225
333
219
212
279
284
252
231
356
238
209
236
215
252
219
294
395
266
262
197
316
310
277
292
269
275
244
207
210
265
278
277
139
219
245
199
169
124
307
136
181
252
75
57
38
83
44
63
30
0
0
0
0
0
0
0
0
0
0
0
0
0
0
0
0
0
0
0
0
0
0
0
0
0
0
0
0
0
0
0
0
0
0
0
0
0
0
0
0
0
0
0
0
0
0
0
0
0
0
0
0
0
0
0
0
0
0
0
0
0
0
0
0
0
0
0
0
0
0
0
0
0
0
0
0
0
0
0
0
0
0
0
0
0
0
0
0
0
0
0
0
0
0
0
0
0
0
0
0
0
0
0
0
0
0
0
0
0
0
0
0
0
0
0
0
0
0
0
4
227
273
217
313
262
186
205
284
309
163
131
170
279
212
261
159
246
242
201
228
295
354
212
290
200
252
251
230
200
226
202
231
209
181
232
241
187
225
204
160
143
148
179
152
190
224
207
186
179
172
188
185
180
218
168
292
236
224
217
186
154
230
232
177
215
211
155
153
197
227
211
169
288
201
195
225
161
224
243
183
150
160
216
172
214
210
392
251
213
175
165
167
162
155
196
234
241
166
242
251
224
263
178
255
217
148
168
198
194
158
141
157
203
231
229
265
182
144
95
79
135
134
119
129
164
144
198
400
276
225
220
221
159
162
226
165
196
186
185
188
235
163
132
126
156
174
152
165
151
118
161
212
163
234
174
177
150
202
178
146
148
191
202
219
221
163
154
149
186
132
119
123
144
166
202
148
161
150
124
148
230
207
167
196
134
147
146
135
93
131
155
126
188
183
189
152
161
136
202
179
204
166
157
147
150
164
192
277
177
144
145
120
112
88
141
166
142
117
156
133
170
138
160
218
187
195
143
172
136
184
87
154
127
119
178
127
152
186
179
200
173
128
162
241
163
202
147
200
216
165
171
172
170
154
189
182
162
175
107
86
160
116
250
241
153
145
157
127
94
89
130
128
95
158
184
131
124
220
177
174
127
158
124
120
98
170
121
119
121
82
117
142
83
77
52
104
176
189
119
108
105
151
123
153
154
79
146
97
136
111
128
172
176
106
122
150
137
191
128
85
108
101
84
92
142
149
78
106
69
114
122
97
136
141
79
62
89
87
98
92
82
116
68
141
162
215
167
150
166
176
76
69
54
93
50
128
51
67
146
56
55
79
159
68
87
51
96
111
143
124
102
95
128
125
130
92
94
96
68
97
82
95
117
77
82
66
86
136
92
130
112
87
137
175
184
162
103
119
102
128
96
175
113
80
75
53
56
126
100
90
108
104
98
111
90
35
78
55
34
59
65
77
88
56
79
91
78
51
74
98
80
101
98
45
82
53
86
113
95
111
117
131
82
115
113
108
79
103
86
63
68
54
79
52
54
78
58
71
77
48
88
81
127
128
130
79
79
129
109
51
20
47
53
94
69
74
86
71
111
98
67
105
58
70
72
49
61
66
39
63
77
71
88
97
98
49
79
57
79
228
102
155
117
133
120
112
122
109
88
68
88
105
65
68
74
77
96
86
113
60
70
67
90
86
103
119
107
77
112
96
141
100
72
36
139
105
118
57
86
109
100
80
114
116
182
116
127
159
80
98
84
95
85
105
110
95
65
85
119
108
99
114
102
99
69
65
82
90
126
84
105
125
93
72
121
153
156
134
98
77
61
96
67
59
137
118
131
79
77
66
40
132
173
82
68
140
190
117
115
122
82
86
99
115
102
101
133
203
119
125
61
109
119
118
190
93
106
98
147
84
92
186
106
131
118
138
161
142
162
125
233
158
141
154
120
137
134
113
181
154
90
95
111
94
151
123
125
132
97
104
120
152
128
138
168
146
216
150
166
173
177
149
133
137
199
123
206
98
147
206
133
110
84
207
83
123
112
72
44
216
338
188
196
128
137
125
201
183
164
285
215
137
138
189
279
245
238
187
142
137
241
209
203
214
185
127
157
138
195
144
129
227
165
165
142
85
205
165
126
110
116
206
259
204
147
162
137
119
132
160
219
227
209
211
195
212
172
189
190
182
217
224
257
202
272
203
210
207
180
178
192
238
198
219
249
190
258
239
160
195
164
118
154
136
165
167
199
238
214
165
124
244
157
160
199
177
248
236
293
272
272
214
243
233
149
199
169
145
188
181
158
261
217
240
171
184
162
210
271
213
251
271
221
162
213
253
164
241
240
207
254
200
192
169
217
232
190
236
277
308
238
156
202
168
365
283
231
233
204
259
186
209
322
265
402
305
348
265
300
273
275
280
293
257
267
287
304
272
289
336
336
286
263
286
320
173
251
334
199
290
282
239
291
301
352
380
336
267
283
392
70
3
217
202
296
269
279
165
190
273
251
240
204
219
209
323
173
322
280
251
216
227
182
149
236
219
240
354
274
232
292
267
295
258
278
251
265
333
291
235
270
241
283
250
250
278
193
274
334
329
411
305
346
311
287
159
194
275
309
245
189
316
228
254
203
299
191
302
235
238
254
250
282
201
272
221
228
173
271
187
271
183
166
200
242
257
286
196
352
292
251
308
240
311
222
258
382
274
282
261
215
286
243
272
275
278
266
300
303
312
283
370
320
231
339
328
232
298
256
226
238
257
266
244
171
325
207
210
206
162
227
219
256
239
176
183
219
216
211
218
203
397
302
298
313
254
297
270
327
261
257
296
320
247
302
283
296
241
215
268
248
349
343
300
243
238
239
238
332
303
300
314
249
286
174
165
299
300
279
232
242
307
322
367
305
224
247
225
256
333
349
335
295
317
298
349
309
270
415
419
280
243
127
207
203
184
204
184
237
216
154
185
336
319
287
354
257
316
372
276
266
306
314
243
193
244
455
385
150
164
208
251
255
320
253
330
349
327
254
358
385
281
325
255
299
295
319
252
248
326
296
361
248
350
352
293
299
338
359
252
293
294
300
337
324
292
267
302
310
292
230
297
232
268
299
370
301
293
276
190
326
286
333
316
303
237
224
364
337
358
396
324
257
270
412
284
262
202
335
192
260
195
383
283
284
410
270
252
212
212
236
224
424
292
286
257
219
184
246
250
163
339
257
308
387
228
253
306
215
194
283
265
297
350
287
290
308
257
283
249
255
213
205
279
261
230
117
180
233
216
258
224
260
221
211
306
234
303
342
330
243
228
236
213
218
300
249
197
220
227
175
185
231
271
213
283
158
151
208
191
272
351
207
184
223
221
218
245
213
272
299
288
289
217
168
237
248
273
260
357
279
254
395
402
274
339
341
214
214
167
226
181
160
181
184
250
314
324
289
234
189
209
260
202
157
242
233
241
191
174
185
231
264
157
197
208
153
202
254
252
272
264
349
232
263
232
292
150
165
194
138
196
180
129
197
219
220
167
227
159
221
300
239
158
167
276
181
326
212
183
269
217
166
197
217
187
144
163
181
121
173
158
142
190
170
192
211
159
169
153
199
324
304
229
160
239
154
179
158
205
168
165
215
252
248
245
202
227
300
207
154
148
180
241
250
245
220
210
209
223
231
201
259
186
181
200
207
138
226
268
267
222
209
228
229
232
221
243
197
156
274
268
209
151
142
230
171
208
181
254
186
220
267
200
276
242
188
266
237
148
151
218
111
140
197
275
167
209
214
223
184
182
201
192
262
214
181
157
189
158
200
176
249
224
195
214
189
278
227
225
280
247
177
160
238
191
201
197
250
257
210
118
217
250
113
141
197
168
176
245
239
141
166
140
152
209
276
151
146
196
160
178
160
202
146
222
181
232
196
196
218
227
285
222
185
168
238
256
176
219
248
244
282
216
204
128
218
197
165
182
217
186
215
208
190
203
142
67
49
106
201
153
231
155
149
139
172
168
134
206
121
156
203
161
210
167
161
190
176
124
156
247
132
129
149
180
165
204
181
165
147
137
132
146
133
105
177
184
209
196
136
139
152
214
247
342
187
125
134
193
240
185
230
167
287
305
231
244
205
214
228
171
102
186
114
182
188
165
230
183
194
179
204
191
141
162
184
103
209
161
142
135
178
162
199
169
156
137
238
174
175
99
147
155
113
188
203
158
198
267
143
137
192
208
162
196
157
139
147
178
147
136
156
147
224
178
217
191
243
192
142
130
122
139
202
175
167
191
140
139
130
150
192
185
136
204
126
105
94
149
126
122
136
113
154
156
128
146
175
144
169
159
118
174
163
222
141
89
167
125
122
118
147
121
159
227
214
157
186
158
170
225
112
78
100
157
103
133
152
171
101
96
106
93
234
200
141
94
148
123
192
141
122
160
206
143
86
127
103
86
98
137
110
92
107
98
96
116
124
102
91
100
105
145
74
102
119
109
164
109
86
129
123
99
127
95
78
75
79
59
124
151
98
130
94
100
91
84
73
78
80
88
86
115
137
114
116
72
43
57
119
127
97
99
206
173
117
92
99
91
99
117
117
59
82
56
86
48
127
102
122
87
130
91
86
101
137
92
122
147
105
101
135
151
81
81
136
76
39
61
45
69
59
62
33
73
127
51
64
93
96
90
54
69
95
161
97
41
44
79
60
91
69
82
96
63
81
97
104
66
34
26
49
46
48
92
120
92
65
59
53
98
86
130
60
55
81
89
97
94
108
76
107
38
73
90
113
83
81
41
85
51
73
58
100
56
56
78
105
90
94
37
54
84
32
42
57
102
94
146
92
66
60
52
18
33
38
35
29
48
70
79
80
68
101
60
62
58
84
84
97
93
55
33
59
83
90
69
59
39
96
106
86
41
73
168
87
152
53
139
118
53
109
38
28
29
20
16
34
27
53
57
41
37
64
35
88
78
44
65
49
47
64
60
63
150
156
74
145
110
77
50
66
63
75
62
62
109
130
62
114
163
91
112
80
69
118
137
103
89
88
87
83
142
72
63
46
81
47
50
59
94
211
220
180
83
117
113
90
105
88
36
32
54
82
85
111
133
94
83
61
86
130
115
71
71
110
69
86
108
75
58
82
105
97
80
82
65
81
104
93
72
80
57
68
135
98
105
123
145
163
150
93
122
116
113
158
184
180
128
165
175
192
171
134
89
98
173
166
105
162
184
146
117
165
189
133
167
127
106
163
158
163
203
149
211
180
182
137
184
163
132
152
206
171
130
134
141
72
133
147
156
194
149
154
129
164
101
99
104
171
91
126
158
159
159
179
160
157
164
133
214
126
195
236
166
144
143
143
92
143
187
153
166
124
198
173
273
138
149
225
228
190
176
144
112
150
192
169
140
117
136
122
207
188
159
151
135
183
174
166
120
162
157
98
113
196
173
170
199
153
127
210
246
271
209
260
199
146
132
147
195
155
229
195
196
214
141
216
254
229
211
299
152
203
143
157
237
311
184
200
108
162
246
210
247
202
226
279
241
203
171
190
244
274
296
311
256
143
163
167
235
190
230
247
205
165
236
203
142
170
271
208
183
279
283
248
206
253
219
254
171
243
228
210
195
211
167
191
227
248
199
207
201
166
203
207
246
227
251
239
249
299
222
266
237
227
176
156
225
186
206
162
196
250
266
279
202
259
220
206
234
195
189
253
284
247
234
272
278
274
203
185
164
76
100
150
286
304
260
220
270
191
302
327
273
323
317
247
222
281
250
267
255
302
256
297
211
187
262
180
245
254
242
227
358
257
324
296
322
256
228
418
286
267
244
180
200
223
236
285
227
204
258
247
239
301
326
384
359
262
300
216
258
227
241
334
354
367
296
304
225
319
325
224
230
215
271
230
307
335
163
170
234
211
248
246
158
133
219
172
237
224
271
231
232
234
226
267
193
219
284
345
330
204
381
288
240
265
202
302
431
317
274
377
389
297
396
315
352
400
336
250
145
237
276
209
270
253
229
262
221
217
301
288
224
245
409
426
328
408
282
279
215
363
294
380
185
325
241
220
294
290
246
220
199
216
210
250
192
228
242
339
329
245
237
256
210
335
267
288
267
354
309
239
327
333
253
322
260
202
289
301
314
215
335
310
318
237
258
296
276
253
235
350
325
310
224
362
385
330
439
377
204
271
284
265
330
368
424
304
290
337
224
312
355
292
331
333
366
283
330
327
212
360
337
328
250
290
328
260
348
199
261
302
401
409
232
259
225
239
215
286
305
252
376
312
276
292
291
297
368
274
207
365
258
320
354
258
293
323
331
397
249
274
297
310
256
348
222
225
155
265
308
384
390
287
307
281
269
192
306
268
148
229
226
266
262
226
301
312
340
291
342
316
366
266
283
210
210
284
200
226
242
208
269
326
295
238
412
369
340
331
262
242
257
216
199
128
145
192
239
227
454
392
237
230
178
274
242
185
144
304
238
293
249
259
328
210
208
220
261
280
192
359
265
248
344
209
245
271
331
262
205
235
290
232
218
205
329
447
293
274
313
263
277
276
322
395
400
349
387
248
251
305
334
248
266
265
351
201
223
266
227
203
221
176
158
190
226
208
273
249
175
211
206
213
295
363
272
233
232
245
227
164
168
178
149
150
202
162
188
187
141
217
194
239
152
197
168
201
243
186
198
262
313
211
200
289
352
309
284
313
197
223
176
174
231
212
255
259
254
233
210
243
293
174
171
211
211
281
283
235
177
180
273
200
172
200
225
200
236
241
262
307
167
174
210
224
212
182
222
222
220
233
315
247
242
321
334
268
263
164
184
147
136
173
182
254
359
215
268
322
313
218
190
224
238
130
159
230
251
147
154
176
190
116
214
238
206
211
216
247
271
248
221
195
183
240
215
295
170
253
242
276
185
221
297
359
256
182
210
219
212
173
180
208
279
253
290
252
214
228
209
215
197
275
248
155
133
151
188
199
173
201
187
235
226
224
252
207
256
180
167
216
193
164
236
133
203
230
214
282
206
183
243
216
329
237
253
231
169
208
272
377
329
270
260
151
255
243
337
224
187
216
173
197
199
185
195
168
208
249
202
227
239
198
295
151
197
189
188
216
196
195
205
202
259
316
204
211
135
126
172
116
95
142
167
222
88
249
213
247
250
205
205
161
186
167
147
178
228
247
265
212
208
150
218
217
246
219
200
218
198
147
233
181
179
184
121
181
158
158
298
153
179
153
224
221
255
219
287
253
267
268
230
220
124
176
185
202
131
221
224
149
121
170
190
142
136
157
159
165
151
169
160
138
200
212
192
164
178
194
161
210
185
199
235
218
207
206
207
171
141
254
236
321
183
69
136
139
85
139
169
172
181
172
127
162
169
187
172
195
210
141
161
136
155
129
182
215
179
204
231
207
120
119
107
171
98
118
71
139
169
134
135
115
207
165
207
209
126
172
94
199
204
174
161
283
155
156
119
119
192
172
187
175
123
153
197
201
141
110
114
127
103
241
167
124
104
123
127
124
136
144
137
127
123
101
116
131
118
147
141
115
123
129
139
91
91
160
113
136
121
153
124
140
145
179
166
207
124
90
93
118
207
125
143
150
136
228
156
116
116
118
93
97
157
182
132
149
129
130
110
87
172
186
167
111
76
90
141
107
164
111
155
173
109
169
139
149
182
243
140
125
161
164
137
105
117
131
119
145
151
171
146
188
144
122
102
156
130
121
131
161
189
130
156
119
128
91
119
110
120
90
74
83
124
149
110
126
143
168
129
155
126
111
103
120
193
160
167
96
198
100
103
115
149
97
93
92
94
110
91
96
51
135
94
112
94
170
92
62
50
76
72
135
60
65
67
114
166
151
93
86
87
180
129
68
70
74
83
99
97
78
106
92
135
130
56
68
47
59
54
74
52
72
65
80
81
131
101
70
42
62
57
92
86
53
83
79
59
74
123
88
161
107
88
78
81
63
98
77
137
115
103
158
110
97
69
52
137
57
71
136
104
115
61
80
53
63
70
72
42
57
54
65
52
54
47
64
91
78
131
142
141
62
77
102
122
116
94
62
92
72
73
105
60
92
106
46
79
114
69
80
131
170
130
72
85
97
60
59
51
35
28
21
82
68
48
50
43
43
48
81
81
60
52
96
95
135
52
46
62
55
44
42
18
43
77
55
61
83
56
62
68
56
86
92
103
85
102
51
59
66
44
70
29
69
77
58
93
53
96
86
80
39
60
41
50
71
49
53
43
65
33
114
81
56
93
65
58
69
98
72
56
59
120
71
101
114
120
117
86
61
65
87
120
77
59
59
58
67
112
110
115
55
113
65
72
154
126
125
107
94
64
43
61
50
110
98
83
53
81
66
109
84
62
89
96
95
49
93
104
142
261
91
102
73
101
85
74
80
74
54
46
66
122
118
88
104
56
98
58
60
63
89
89
176
213
179
169
131
113
110
125
120
111
125
104
179
146
101
109
151
155
175
176
204
147
127
129
132
77
132
175
170
105
129
121
165
102
77
89
154
166
96
204
221
107
148
155
134
111
101
114
85
181
200
244
178
303
164
146
107
139
78
93
128
137
155
197
109
138
215
117
90
3
